1.000000e-01 1.245394e-01 2.593742e+00
1.000000e-02 1.346800e-02 2.704814e+00
1.000000e-03 1.357896e-03 2.716924e+00
1.000000e-04 1.359016e-04 2.718146e+00
1.000000e-05 1.359127e-05 2.718268e+00
1.000000e-06 1.359363e-06 2.718280e+00
1.000000e-07 1.343270e-07 2.718282e+00
1.000000e-08 3.011169e-08 2.718282e+00
1.000000e-09 2.235525e-07 2.718282e+00
1.000000e-10 2.247757e-07 2.718282e+00
1.000000e-11 2.248981e-07 2.718282e+00
1.000000e-12 2.416676e-04 2.718523e+00
1.000000e-13 2.171794e-03 2.716110e+00
1.000000e-14 2.171794e-03 2.716110e+00
1.000000e-15 3.167534e-01 3.035035e+00
1.000000e-16 1.718282e+00 1.000000e+00
1.000000e-17 1.718282e+00 1.000000e+00
1.000000e-18 1.718282e+00 1.000000e+00
1.000000e-19 1.718282e+00 1.000000e+00
1.000000e-20 1.718282e+00 1.000000e+00
