0.000000 0.000000 
0.060000 -0.203595 
0.120000 -0.335701 
0.180000 -0.406633 
0.240000 -0.425856 
0.300000 -0.402025 
0.360000 -0.343022 
0.420000 -0.255995 
0.480000 -0.147396 
0.540000 -0.023017 
0.600000 0.111974 
0.660000 0.252999 
0.720000 0.396035 
0.780000 0.537581 
0.840000 0.674625 
0.900000 0.804616 
0.960000 0.925427 
1.020000 1.035332 
1.080000 1.132973 
1.140000 1.217332 
1.200000 1.287706 
1.260000 1.343676 
1.320000 1.385089 
1.380000 1.412024 
1.440000 1.424776 
1.500000 1.423828 
1.560000 1.409831 
1.620000 1.383582 
1.680000 1.346002 
1.740000 1.298120 
1.800000 1.241050 
1.860000 1.175974 
1.920000 1.104128 
1.980000 1.026782 
2.040000 0.945224 
2.100000 0.860749 
2.160000 0.774641 
2.220000 0.688164 
2.280000 0.602546 
2.340000 0.518971 
2.400000 0.438566 
2.460000 0.362393 
2.520000 0.291439 
2.580000 0.226608 
2.640000 0.168716 
2.700000 0.118481 
2.760000 0.076521 
2.820000 0.043347 
2.880000 0.019362 
2.940000 0.004855 
3.000000 0.000000 
3.060000 0.004855 
3.120000 0.019362 
3.180000 0.043347 
3.240000 0.076521 
3.300000 0.118481 
3.360000 0.168716 
3.420000 0.226608 
3.480000 0.291439 
3.540000 0.362393 
3.600000 0.438566 
3.660000 0.518971 
3.720000 0.602546 
3.780000 0.688164 
3.840000 0.774641 
3.900000 0.860749 
3.960000 0.945224 
4.020000 1.026782 
4.080000 1.104128 
4.140000 1.175974 
4.200000 1.241050 
4.260000 1.298120 
4.320000 1.346002 
4.380000 1.383582 
4.440000 1.409831 
4.500000 1.423828 
4.560000 1.424776 
4.620000 1.412024 
4.680000 1.385089 
4.740000 1.343676 
4.800000 1.287706 
4.860000 1.217332 
4.920000 1.132973 
4.980000 1.035332 
5.040000 0.925427 
5.100000 0.804616 
5.160000 0.674625 
5.220000 0.537581 
5.280000 0.396035 
5.340000 0.252999 
5.400000 0.111974 
5.460000 -0.023017 
5.520000 -0.147396 
5.580000 -0.255995 
5.640000 -0.343022 
5.700000 -0.402025 
5.760000 -0.425856 
5.820000 -0.406633 
5.880000 -0.335701 
5.940000 -0.203595 
6.000000 0.000000 
